# Dynamically created parameters for calculations. 
c: 29979245800.0
initialAngle: 0.7
initialIsotropicEquivalentEnergy: 3.24806006122449e+52
initialLorentzFactor: 212.0247734510276
initialMass: 4.176015693068582e+28
initialSolidAngle: 1.4775401137225908
pi: 3.141592653589793
protonMass: 1.67262192e-24
r_NR: 7.517416940458206e+31
sigma: 0.2
t_NR: 613083.0669843282
