# Dynamically created parameters for calculations. 
initialAngle: 0.05
initialIsotropicEquivalentEnergy: 7.999999999999998e+53
initialLorentzFactor: 793.5007709486775
initialMass: 1.402204127317203e+27
initialSolidAngle: 0.007852345524148272
r_NR: 1.3710267511449094e+29
sigma: 0.5
t_NR: 8279573.513004487
