# Dynamically created parameters for calculations. 
initialAngle: 0.8
initialIsotropicEquivalentEnergy: 6.249999999999998e+53
initialLorentzFactor: 173.43418325266987
initialMass: 1.2830804575965738e+30
initialSolidAngle: 1.9056479475960382
r_NR: 2.059752856998655e+29
sigma: 0.05
t_NR: 1435183.9105141386
